8800812492
9980182009
9910976900
8420733588
9892401195
9284773592
9901522779
9899764746
9711048479
8904408447
9819994191
9899802794
9346024629
8999256216
8105520136
9949607760
8082701517
9284400979
9740470854
8826679055
9986027520
9953000977
9884320444
9060561839
8879200411
9989821740
9886366855
9769678761
8800642031
9884866568
9900356866
9886810101
9920661673
9903098196
8433920090
9482214126
9836404646
9884093319
9845717659
9711995537
9831004116
9886735445
9665895293
9150207221
9560046729
9731404758
9910330752
9910206659
8800194530
9448287638
9940462277
9811793764
9477941960
9167292582
8142632000
9871471949
9444741382
9560356280
9819644225
8527133340
9702248665
9986090049
9029768856
9160140404
8075007763
9741794363
7208744918
9176970036
9538492217
9502447203
8147097088
8802386559
9819811516
9581644674
9916712315
9000061740
9444161739
9840620188
9908120777
9731227370
9664000957
7738381100
9654477302
9985876980
9819466665
9004611110
9705498146
9676564065
9885446277
9717276931
9900867100
8939626276
9742985777
9619838310
9177716681
9916569625
9004332180
8142730188
8334916600
9873565630
9971462929
9590296950
9167677495
9176712818
9330078196
8377080202
9971502370
8123403419
7303303000
9560766322
9704129406
8108260006
9769620252
9953662210
8828655616
9833667787
9902933940
9958093595
9160056665
9819818589
9654912868
9711690362
9916576715
9987735517
9738629597
9959655424
8826259905
9980263508
9953857070
9959515777
9980373504
9901637033
9136343575
9953934057
8879657807
9845342610
9899940450
9962622804
9873117716
9498070335
9007616541
9886590051
9892852979
9999168128
9980875028
9703102644
9594934342
9866960065
9705601049
8951277792
9348749348
9739375368
9036798909
9738212901
9986273632
9704111264
8334867666
9873648120
8800753297
9015606869
9980402833
9821598453
9620468345
9818384676
9284075095
9868703187
9892202842
9990507504
8588963083
9092809765
9158185279
9916575767
9971134927
9742096343
9966900465
9885303300
9830179339
9100679210
9676883636
9831148425
9440304542
9619497823
9052318721
9920936432
9654842763
9930585472
9962427051
8013902051
9711935501
8179955346
9820488495
9742333350
9160192979
8697942310
8459097419
9986458512
9930002859
9880239787
8285712554
8105991646
8879720081
9717489906
9886336414
9582475872
9643719794
9820111178
8072899436
9999535274
9494561177
9742868435
9819327413
9717322259
9916096480
9820445244
9686601396
9380363941
9398258195
9550648826
9591170680
9619273631
9094518183
9742921306
9962086803
9176671093
9542975152
9324351542
9742571090
9967372246
9920337212
9901981364
9007969037
9674444125
8130040126
8454094133
8800246653
7208040726
9884729957
8790491515
9739272829
9844552676
9963137307
8106949901
9841624929
9845802280
9321128899
9833752871
8790344177
9886951464
9739460081
9702906892
9004595154
8939833524
9073604404
9867021605
7893979471
9010353984
9769606808
8951786485
9618839070
9741155188
9620728424
9972625443
9632866298
9916988447
9480326342
9903982829
9886372570
9036405933
9911105001
8050388180
8105243666
9008075533
9538756688
9958667694
9284423972
9731940141
8147526421
9019255173
9930205208
9869055602
8433847025
9811644002
9899181415
9533631828
8801193019
9885164739
8860651510
9310250420
8801398220
8886444389
9916426362
9884927857
9819509302
9392899699
9167550574
9739048882
9819188407
9886581030
9650944061
9594109393
9945460044
8105258624
9903288321
7299053147
9972455583
9702704888
9167127989
9819520099
9711144527
9958484525
9999450203
9999161457
8886872630
9953151375
9177666111
9341864608
7207301204
9663538042
9949082088
9819580285
9964463007
9900979536
9845918418
9073400801
8008476685
9739357587
9830074791
9986990489
9901735709
9313003482
9911949565
9538529987
9867734450
9849437749
9962232551
9987590334
9874555238
9940224150
9999070169
9880052443
9052843516
9845430139
9343979636
9654938626
9035493683
7439097328
9967505364
8447696456
9841223352
9972100661
9619466968
9920409479
9980345303
9818485980
9953171255
9836369586
9811284922
9848002697
9940225717
9652586656
9916294959
9916800853
8902274838
7428872199
8860485370
8008334434
9953982585
9739763849
9663396654
9051345265
7702215775
9663129928
9718984099
9739968884
9742850105
9820025259
9176171749
9920318028
9494227421
9619492750
9820884447
9686440873
9903565071
9331162600
9346773775
9441539447
9390831222
9916823684
9686839555
9818180423
7893869289
9820310114
9989481791
9818356857
9383498849
9920593952
9916213325
8291874345
8452032380
9654401226
9014349388
9899227915
9136569122
9535201620
9840726406
9985378148
9819110990
8450912185
8652878588
9972398808
8297150005
9910831110
9972857737
9482382755
8447749667
9663927259
9702005597
9962994933
7439129208
9819591017
8879349225
9032126001
9986054163
9844157690
9029368479
9652356688
9819271049
9948547976
9477317722
8106330400
8142381429
9884528418
9449759311
9930320837
9136695300
8072105135
9986082211
9900865142
9920906556
9769299678
9742001422
9869035876
9757084252
9900908861
9036953515
9986763047
9542720287
9940354596
9515110179
9980733563
9448727928
9902751060
9920471204
9964111987
9538888331
9844547705
9868081569
8939765465
9711251110
9899373920
9221956991
9899716957
8904681004
9892485462
9892038243
9884466391
8105805555
9741799100
8800698619
9892594403
8123337574
9874707074
8291194054
9136033133
9819351564
9916495222
9739904151
9820021120
8105888994
9036434579
9840762274
9603435783
9643669735
9840721150
9632208048
8142501438
8939766622
9880859546
9971623194
9916577188
9100568387
8008550007
9845151129
9535738057
9867628462
9848332346
9848909641
7569565345
8939966959
9167903250
9022079882
9833943324
9136677701
9989990713
9964505136
9743256251
9051369586
8478954694
8008912632
8939761061
8341492510
9811415729
9892689708
9160598970
9810648175
8452978111
8527280769
9320288661
9739869342
9884361011
8655886051
9980777991
9640120063
9930753649
9820781067
9773491394
9940666407
9971929250
8100059227
8074656775
9958937157
9700382584
9849524883
9000641063
9819120701
9840823210
9840986682
9769682169
9820290647
8999332829
9953224340
9088008284
9283236308
9731306916
8097444169
9999960995
9619170164
8588016491
9840664501
9869053517
9916265180
8008889606
8336049140
9748543023
9899561729
9999156199
9769790070
9582083659
9869444771
9963755070
9686332766
9643215714
9866449496
9032432520
9948255255
9886902066
9284627553
8595046150
9741627129
9810029278
8904863298
9611574400
8939452776
9968272408
9831524244
9920069400
9903855033
9702129611
9820125399
9870471462
9000551269
8892936084
8070826971
9833664061
9818745497
9769153276
7799849991
9686988566
9920209459
8130815037
7738855736
8099373876
9748799561
9990222431
9874433551
9702928014
9962700653
9869980679
7303890521
9738024624
9818881478
9833237231
9769835680
9930917984
9884421650
9836885129
8860276605
9833721141
9871138899
9051925599
9980116317
9874206275
9903741585
9581854859
9711235988
9999463771
9711918841
9007155972
9908482288
9885384330
9590142316
9663540044
9966401936
9100991045
9738566354
9620054189
8147689787
9052351170
9010647902
9810107380
8335811625
9987506008
9448428150
8882385117
9999815751
9599943853
9884653531
9177444399
9594747357
9223452345
9911014572
8130118676
9330075386
9986019269
8383030310
9940874441
9632228108
9650448443
9962585571
8595307706
9739878905
9886960179
9892208773
8459184860
9990662060
9398176388
9886323274
9810356921
9632759589
9739288095
9663310093
9899032901
9051742671
9819130969
9920488038
9603909969
9051056745
9886629581
9674189876
9873043820
9916559986
8297832708
9986319913
9382553884
9899715004
8800578853
9989092805
9711915454
8420119309
9962606890
8939900854
8447123009
9739024566
9739999822
9035441294
9535535263
9884523214
9884095834
9833648040
8879299686
8970641748
9966076125
9990006870
9092089269
9008268961
9088008357
9985988518
9840090144
9177102052
9885558678
9840938691
9008612269
9433399867
9945144245
9133396790
9968547388
9444388052
9742765897
9986216256
9819188601
9094020076
9664999105
9874700381
7702679011
9820407450
8510878889
9008982277
9551275221
9903040639
9811637345
8800904449
9819779448
9916940904
9880679627
9910112797
9886898121
9930159526
9980327763
9902411500
9989056495
9949720278
9908531122
9920050577
8050543031
9818391374
8750400813
9702054088
8599078835
8981173791
9962997198
9619995530
8334895654
9620853339
9582185949
9884088800
9885101036
9958461828
8008166612
9284197274
9582804705
8879590259
8374647571
9748648801
9916917870
9007822361
9830400552
9620703952
9871795069
9654375747
9916952881
9284592401
9223304004
8070334332
9611546967
9833406586
9094742994
9108422216
9874111772
9980523281
9962046869
9444570869
9908102886
9874678164
8050418792
9702429777
9619720333
9581878688
9830133297
9663806545
9748484068
9886650447
9620092227
9704027071
8459830657
8459542484
9481060536
9650048390
8886669031
9987987771
9676019106
9818252939
8860466936
8050425810
8527938768
8452848980
9022503663
9110993152
9703334025
9916329329
9833435922
9538846081
9433024650
9901891978
9840757071
8080784421
9945584292
9967999618
9035124482
8897824640
8179627202
9831301417
9482327968
9819665330
9911571566
9999132874
8978476891
9899813336
9163960930
9686485324
9620617842
9741437560
9163322169
9493711999
9986686012
9900016693
9844221709
9892436644
8939933697
9004754659
8377899605
9167470147
8826226320
9871327644
8459783527
9948113154
9440826263
9958399559
9804461398
9702043303
9830634241
9845482970
9739637202
9900109570
9322874316
9741450881
9972401243
9560656409
9819778007
9591741856
9901378734
8882811123
9940627940
9980098833
9642389451
9739583876
7569113045
9819084024
8879677652
9350299249
9867228319
9599073233
7799458800
9902056676
9830805032
7799568899
8008079993
8097570668
8584911441
9841627770
9769293986
9967543381
9971447290
9940038690
9963759016
9900015332
9901661348
9886274023
9176643369
9665815528
9820692733
9740169554
8939632059
9880034799
8886812369
8108114689
9768768288
9819996573
9867036468
9100926228
9493038543
9594733377
9160399800
9748311087
8750090669
9603869187
9703898420
9845269739
9718057183
9158888851
9930260878
8978363321
9819497417
9958097619
9845234893
9818889604
9538087186
9711986267
9910837533
9348464846
8291212744
9920150316
9742826889
9136595391
9880149030
8886035599
9819601414
9986102884
9962462738
9588035993
9560552333
9833862246
9945804249
9948299130
9886384257
9717946918
9945008088
9953641660
9830468680
9742983353
8080205716
9870077562
9619496169
9886820693
7799916812
9007081118
9176670269
7838100315
9833884931
9819959596
9538030631
8886365890
9036261588
9990588547
7738432678
9620070125
7738439467
9964446449
9620300721
8981855383
9916733949
8939045951
9448737674
9886018256
9930474215
9903627819
9701028293
9591498072
9959919997
9007417139
9499960294
9167570984
9819998929
8374957775
9810908656
9379225641
9845251438
9884995166
9819594666
9959791787
9903329489
7838063383
9958843585
9820940552
9100926100
9321769348
9885232380
9910115212
9502951000
9818288533
9868759752
9811645923
9014719932
9900993878
9870292775
9560808420
9739904058
8447996268
9848316600
9819808052
9620212229
8971857553
9990293750
9611623623
8879971682
9739817054
9811172110
9810948988
9910004178
9971229448
9581886600
9920986823
9910991042
9449726326
9833516014
9884771917
9515104607
9830887426
8019260696
9340948445
9051350116
9959989759
9632504243
9502033658
9739993150
9176641075
8697038812
9035199762
8981480428
9971181382
9886275674
9999566161
9444449143
9880221122
9866310375
8688789410
9911734007
9820395979
9910743089
8801263460
9920165615
9849530457
9885256014
9650760075
9581244522
8860550491
9313377737
9958591572
9538138508
9845706835
9916230267
9833839366
9902721824
9999039895
8585979249
8450955916
9035224056
8179308339
9999200344
9176119384
7702852698
9845636342
7838837768
9953643295
9717179374
9731304002
9674526061
9845838838
9740654067
9739096980
9742890002
8879099104
9582637303
9741274579
9844061520
9632321604
8106503839
9711845081
9768110674
9920440654
9900490212
8800642684
8336030023
9833452914
9283605552
9951593874
9903377795
9900226821
9964010674
9967021072
9962860915
9100034252
9833009844
9654046435
9886802647
9704324899
8527653392
8697871183
9886461213
7838075556
9224612907
9538404567
9498402210
8105781589
9941901801
9959712281
9448452481
9243200342
8147900758
8433157951
9886499197
9167138660
9573385511
8892058460
9702825872
9619711359
9987980299
9611196939
9916744656
9740789389
9963378104
9911687737
9213394474
9900457625
9892957892
9643901501
8424037976
9543159609
8828123256
9582179690
8879461022
9176038032
9007190677
9986259684
9742384010
9014250416
9560027362
9347661041
9007353800
9620950252
9619147598
9398066708
9740004560
9886639694
9051878535
8961415272
9674153361
9867170858
9874921333
9632812375
9740788482
8939696198
9742959825
9010009581
9836691444
9035899328
8077652586
9911807666
8939949853
9741018220
9920934041
9674971129
8080044688
9820243554
9820304154
9741022226
8971145599
9582649335
9848768595
9711253858
9704481579
9051663075
9663552707
9390090025
9686692878
9483521761
9582836420
9632323860
9986057666
9841356623
9841724178
9704501317
8078142836
9167636911
9940584644
9833252951
9830719327
7838828050
9910883398
7838466341
9945711743
9916911476
9711105882
9833354008
9007062726
9594035598
7382548849
9886234470
9038582875
9945390073
9916426192
9819010239
9560294022
9392555656
9663157370
9582900201
9167222759
9969704456
9880143656
9620025764
9959394549
9769991514
9711340584
9884459362
8097424027
9742729552
9176338477
9830860895
8147204068
9619795027
9167204001
9666016605
8800452654
8447263078
9650647130
9051668333
9819778202
9717514775
9654332108
9958696505
8077144427
7428374209
9963238529
9246285726
9650855336
9820157991
9167910585
9160264460
9498054368
9820589599
8879352124
9433928051
9910438798
9739012973
8297374636
9892456269
9654945966
9986036146
9711175690
9980716181
9032129450
9741861392
9652001010
9899813823
9885112053
8500778767
9811693311
9869364247
9949013857
9901853496
7428647712
9059505739
9930937074
9836542121
9619578196
9674926424
9643896235
9769379068
9008329680
9987606075
9920265697
9845107128
9010523456
9986090220
9619355454
9560659364
9986027270
8939175783
9703141787
9845217733
9731356127
9619178848
9167151369
9322658090
9819593264
9738173639
9987015189
9930782934
8447716670
9642401535
9481471689
9136349515
9312335280
9884977330
9590428998
9711530081
8584962408
9088198761
9899821142
9871524945
9008584937
9972457485
9051299556
9650972231
8742939718
9323944518
9820792318
9886999137
9886729233
9007563666
9769109096
9341214478
9738633859
7738515989
9849531102
9841331852
9432672578
9999408221
9000932328
9958499545
9716178752
9008533992
7799321114
8450962575
9930495226
9619665787
9650012953
9346125377
8742037790
9810350941
9953558616
8588805288
9966921906
9717395226
9560895532
8450942191
8108694867
9717806900
9769720347
8291941222
9911635508
9321617047
9739012380
9891014242
9143111171
9910223665
9321462665
8142421325
9167747844
9886301045
9953023034
9340855166
9819187828
9920383181
9987884141
9686475860
9833790157
9836048165
8100934326
9716950789
9591378837
9811715645
9871043397
7506412872
9884409770
9619833665
9901568607
9901248899
9867188998
9962561905
9820222179
7416295044
9962167799
7827428171
8050490069
9902726390
9871939899
9884706542
9820176311
9980160361
9483162638
8376903718
9844984698
9873165517
8790087901
9903246300
9986844088
9987948354
8376816070
9830780203
9920689615
9449077397
9869404832
8826236228
8767597134
9177651009
9346843626
9949973334
8506060805
9986787393
9052459994
9482438455
9836342295
9820402882
9702588298
8420720087
9342410338
9448123119
8450957164
9899137135
9989997004
9036090857
9742756066
8130779876
9820907069
9742893320
9873966289
9000328788
9560685747
9833494140
9008234989
9731037293
9483590279
9160789986
9963995735
9840330572
9176877055
8010561818
9845299769
9986427582
9160998811
9811513884
8826031906
9884994214
8939010878
8977881274
9820882363
9962561208
9986013913
9836950784
9911935339
9886090517
7503836641
9820943797
9769334619
9535899003
9550195076
9343369088
8939234669
9820378287
9619960270
9870492875
8420349087
8971622006
9891335577
9324362159
9820714560
9176095989
9884909807
9323231131
8454842393
9999644949
8826533721
9884623097
8586980121
9885266047
9611229549
7382122008
9739325593
7799113707
9619700265
9665805216
8459460063
7506063943
8050001688
9916277147
8800498899
9323552634
9663304334
9686448683
8450973243
9742735209
9008815896
9284116424
9015235404
9811142724
8860934807
9930168658
9811195255
9958111344
9686660029
9739098654
9177006602
7666999945
9833923420
9964999425
9869570808
9940374424
9930053619
7506945076
8527346600
9980872751
9100497900
9663206480
9986030132
9966679303
9840944076
8584052651
9818886656
9820167289
9502335353
9833800089
9654190621
9340357387
9740624230
9980148855
9704211179
8860089437
9222222325
9100091110
9820668333
9663172988
9986162105
8879420062
9642796505
9902939029
8800178118
9819474411
9910361516
9949018870
8800900233
9073699263
9920016242
9717774920
8790821357
9819567112
8459267871
9987091766
8882008820
9999778612
9686451986
8697894282
9849608678
9591510892
9391898604
9491881467
9873513066
8826313852
9553834013
9844808094
9701093336
8073453350
9594265222
8790838906
9840751761
9910655173
8050644285
8072569531
9971987846
9916266321
9052229636
9980022778
9999799198
9757396060
9831533355
9246273256
9820160551
9962531419
9538000291
9884017877
9341933536
9810900802
9650357189
9848072896
9553522992
9133056833
9643127558
9986609596
9899306985
8898042952
9900524991
7738080686
9819035015
9810232999
9874113677
9871464180
9841274626
9538880393
9902275678
9320853298
7386503140
8904382505
7838083289
9916700092
9740640404
8800957715
9284474158
7207880421
9094856540
9818706008
9811238694
9840121374
9599660875
9136611236
9866290936
9599220825
9620259605
9705920110
9990488310
9008032362
9871190200
9499907088
9703117055
9542590988
9818823255
9920747326
9702071718
8374651882
9810161525
8072052909
9836817004
9742415166
9880348007
9885684864
9769976204
9590457314
9940230069
9844076551
9582224242
9884410474
8420470360
9731079579
8008654567
9176834868
9167436781
9582648981
9833157014
8459847037
9440388447
9748508413
8939436448
9820146186
9972711339
9620987540
9711205847
9681148211
9284092091
9769375432
9836244668
9845466238
8586930282
9830740112
9831032255
8008148937
9676695766
9611414138
9051374330
9985136032
9916173642
9987505588
7506552803
9740588333
9845632929
8130490720
7503922183
9886914986
9167940737
9844683539
7738717704
8096663503
9972618708
8452880451
9840946039
9738149760
9619522087
9702809019
9986655596
9000561118
9831074882
9840615933
9833092620
9642777284
9916328000
9869844333
9741341983
9844018261
9953952311
8800181027
8433785299
9650522425
9840935957
9833050606
8105233669
9686723816
7893737848
8106001259
9953853336
9711398727
8588814116
9748147117
8291191434
9019930325
9971974695
8712127686
9818184287
9618245626
9999237170
8897484630
9844082222
8097175120
9886371812
9773534028
9820432891
9582081831
9831423699
9962026023
9599426811
8106921881
9958332999
9177894129
9987009229
9643643738
8977070618
9844807798
9840662775
9743361227
8420942336
9650682290
9483500198
9902006432
9866062298
8697283819
9884547009
9980627113
9886393133
9819374448
9971187312
9900048537
9619614906
9903622760
9916135209
9916644927
8898004500
9967974854
9820202186
9716713677
9987220499
8826818111
8939978938
9686030609
9136880559
9177618967
9844082830
9989992099
9953852490
9702166600
9972100008
9836964286
9830808641
8096912956
9538582388
9582443446
9310156777
8130782001
9833737624
9008488004
9930814466
9019160065
9962259968
9686463571
9873882965
9019647031
8097034078
9176474687
9686355997
9962536980
9884649495
9560709946
9844395566
8588804123
9620954962
9884623885
9007487381
9704724433
9731832458
9448657024
9642250155
9833974979
9986086654
9819221696
9000644101
9962280913
9873411787
9686688114
9830378778
8450926137
8105000431
9985390781
9158542520
9884447979
8790723828
7522970366
9820830110
9810049712
9900612090
9892042033
8500566387
8504023274
9711261174
9819760264
9990948714
9663170126
9820723923
8296275001
9769091260
9176484452
9433498655
9866371207
9971904022
8879945901
9819952565
9533148321
9702122256
8074069930
9958420952
9987763642
7416318914
9873076124
9322273502
9892019209
9867629555
9538614251
8951243391
8019527844
9481860064
9920912229
9381381502
7827075928
9821366996
9986697484
9867021057
9136564350
9902511180
9870389133
9703456902
8500581092
9830942637
9910679365
8500050902
8588865224
9916556379
9841590349
9599427782
9959783334
9818699393
7569718084
9971585860
9985066748
9007169541
9008744337
9899212304
9573654720
7796089336
9964049588
9663368157
9884378572
9738204191
9953035820
9945278700
9739840243
7799452164
9811145574
9108671175
9731376417
9029725635
9582629295
8790245897
9494832856
9346066099
8939497779
9540062362
9051862063
9029123165
9108960025
9821918822
7842770140
9833663530
9849723332
9611290638
9590778048
9871267148
8939689713
9820293751
9873280490
9930723397
9038077939
8970974395
9930965710
8074191116
9322798640
9731720200
9820018287
8285197306
7890228890
9342341881
8800931256
8108152184
9739057000
9094044776
9620453804
9818855331
9167175356
9051221188
9619985836
9051533777
9886480647
9619176232
9930840324
9739081980
9073902640
9884435637
9674787331
9930824745
9820574678
9035918989
9620190225
9920127347
9619194412
8447224532
9650763343
9901902682
9322603325
8147613566
9666249911
9322242252
9701491119
8008445900
9986820655
9538150891
9892268944
8374937232
9830302820
9836454440
8008634676
9999025333
9820013633
9674565022
9084111206
9849393657
9540652669
8977187340
9884200615
8879794659
8050156577
9741801539
7702501949
9711206805
9880088533
8008412041
9652561656
9618476820
8697004328
9513137267
8860577739
9874260160
9899893952
8688723673
9941250912
9892768725
8939659647
8828134448
9619202390
9916096535
8860446591
9811367134
9831095829
9902577568
9320556557
8985624080
9841861696
9059856908
9008623111
9650056702
9540783864
9912029652
9555924568
9845741129
9989790293
7702460490
9871939272
8860662822
9701645734
9051288550
9742740157
9701511731
9643028077
7890401094
9986637610
9892505243
9711077343
8527645878
9845107498
9717140500
8879634609
9247199480
9930105345
7738482244
9985393187
9891816587
8123907630
9987457117
9886528505
9029099174
8951506743
9632426409
9705739346
9999144010
9073345024
9505694566
9654981501
8130556720
9538229505
8527146987
9819798920
9841928119
8587059500
9968925101
9930081993
9884562495
9866892792
9440007173
9821705057
7799589990
8587900054
9949416211
9210962951
9966489696
9886641601
8123523428
9094384853
9985128900
9643000408
8447713821
9999906549
9911893666
9346892316
9481076383
9100925595
9916252624
9769478035
9820248780
9916380494
9243044648
9599690880
9599688343
9902700147
9674071512
8130055717
9441295669
9445394813
9900385522
9820920033
9739427755
9962477677
9818857799
9967494912
9999617064
9953486963
9962039523
9323151340
9810634931
9886168981
9836033993
9686860939
9930322559
9966511236
7738259871
9874661444
9986901746
9841313495
9573789555
8800197342
9535076764
9004657273
9953089056
7299223023
9867666040
9650348699
9702026615
7738055003
8125535201
9986015271
8291236486
9833023847
9833095215
9163610147
8147070720
9840899335
9088075503
9000795703
9866886774
9483516421
9320064812
9971110318
9886197729
9618950101
9176183867
9515869606
9321791007
9833992265
9818661763
9840192550
9160103147
9821813430
9088136866
9820617019
9874446097
8978242014
9769790520
9959100418
9920517989
9538773461
9654739892
9711716232
9958464385
9818439039
8652770101
8147299676
9930406067
9686049298
9930878217
7738089908
9594650675
9966084102
9987789376
9738175234
7506050107
8374890895
8374259483
8297903888
9930813864
9899094330
9059076316
9958529174
9916332396
7799550700
9350090005
9930159791
9833309316
8100774375
9686942717
9480694228
9986577559
9741362710
8879388576
9665802830
9910190001
9652390492
9980077844
9866926961
9848389016
7799871151
8073663517
9740628984
9902699770
9930051414
7893789540
9885127273
7530053804
9481368372
8904946607
9999941736
9840370444
9870560802
8074910011
9686620404
9953466232
9515464589
9742601631
8655197382
9704951079
8376904534
9874135533
9820786483
9833348409
9339575072
8981788595
9948643889
8076175264
9618356007
9873331921
9916909019
9959359462
9167847295
9880828935
9908990630
7827979894
8860957963
9340006263
9866672943
9820399349
9986468498
9073330465
9985287938
9731017544
8586094967
9620340209
9903847768
9769341077
8712834824
8452902669
9948727524
9703299299
9972517461
9916748196
9702033493
9867680579
9830357261
8904552265
9880277638
9330707696
9163268975
9620952995
9930346132
8655334684
9840788565
9920035557
9739814877
9741097681
9611218281
9930981112
9620646260
9833744338
9930764536
9740317784
9900110420
9769017314
9167089122
9550424240
9833420668
7428335272
9663922369
9665822754
9819700915
8939281125
8454079109
9886671841
9940456107
8447221572
9051370717
9930522061
9810691414
9820222902
8130772127
9930232366
9167100389
9811959258
9830667775
9650199700
9884456522
9663298009
8123080600
9845332026
9967009188
9990646552
9866049868
9953752577
9892307845
8074566811
9990126005
9874350454
8750012020
9619110961
9920556835
9581097717
9967140570
9819769331
9703051800
7299999802
9331895455
9632459312
9833943390
9158706297
8130319935
9940455903
9945376952
9884827126
9448358328
8447627688
9740885028
9088300646
9831129298
9618669926
9448219969
9136025552
9810844797
9674441181
8130581986
7382753490
9892049134
7893330669
9146388107
9873560858
9884182850
9986037850
9007157554
9980721747
8452905628
9841187580
9019541579
9654400957
9008547457
9007561763
9818133635
9810766174
9535479927
7838871588
8447581149
9008374705
9971559020
9004018644
9769130756
9884032523
9884469993
9321931798
9711405966
9916436623
8584077173
9870916880
9769713503
9833872876
9903369697
9711775254
9581364607
8961049063
9833763814
9930445875
8886567627
9916706706
9902397930
9920677427
9871760370
9969613665
7838007877
9910703995
9849202323
9582494800
9962283836
9902335478
9582943736
9449576097
9477914179
9959491787
9284136025
9986031080
9701296549
9884727753
9962233263
9885864606
9848317261
9810405558
9910067570
9449178604
9880616852
8904651440
9930959939
9810602817
9985941304
9052407474
9320773922
9620400051
8296175503
8971099225
9833890310
8050133515
8142528457
9930948329
9820800185
9535703257
9449119390
9884034027
9654455928
8075804589
8123248231
9818642989
9284766230
8688544655
9962434766
8981609953
9619500201
9840291595
9940213802
9167778571
9885100658
7506706023
9845533830
9833551783
8123904689
9953750950
7498257115
9004111747
9654262627
9884142574
8444986219
9830915517
9164289918
9899634244
9845518214
9665299032
9880700291
9845519143
8750563290
9594803658
9654356559
7208853577
9738920628
9739862449
9964299315
9866500013
8425821511
9986940705
9920864046
9535485190
9848002155
9663482027
9654829765
9811846661
9959091459
9911242480
9819972003
9987271707
9340904989
9953443664
8075830842
9441964210
9704648380
9650988578
9987795550
9830213627
9620396555
9769132508
9739644744
9963447648
9620641240
9836282200
9177466555
9650447866
8939266261
8585010296
9836494251
9650839180
9538089518
9432086846
7890006977
9212286611
8939419169
8999745724
9920304616
9176688624
9769889104
9346800061
9886119172
9831290620
9867281716
8951758709
8108009111
9959164204
9867666976
8105443063
9989335143
9007789456
9831029674
9177774334
9158416866
9177328591
8383166589
9239055540
9163127582
8450961845
9088008473
9874876765
8287898297
9394740381
9811947869
9819463469
9384923816
9619238104
9004594722
9164244449
8800296768
8939921996
8527464414
9845092967
9036226470
9088008293
9899278586
9560455151
9948274524
8074058734
8099614714
8459117100
9573131670
9051920626
7702500992
9840969199
9742260073
9986524968
8886731036
8588984781
9482415510
9912989949
9892050665
9246889922
9900449924
8010202082
9619965512
8800815571
9962277053
9490502052
9831176832
9886678973
9899204473
8587068587
9892349174
9581218788
9840117402
9740031767
9902381709
9840709131
9945015785
9886365430
9619826176
9833593193
9619940311
9831734334
9831484894
9871680604
9742743844
9073998345
8584014570
9884328434
8274840657
9962593937
9686900059
9560789066
9884711985
9030771213
9845147499
9986614003
9160452277
9686306832
8105006937
9818247558
8800371659
8745095693
8886565316
8123160515
9900838750
9884836200
9702386956
8019597938
9538003685
9900033539
9738865867
9445248766
9986627056
9717928294
9739254824
9930366709
9871294689
9551930011
9891103456
9831649306
9910329572
8697831496
9820492906
9899005545
9620972769
9819404666
9652646902
9940822079
8452971289
9087860088
9494098228
9886834833
9163184321
9870164443
9100386079
9964386396
9490875896
9902644004
7796876952
9985858803
9167490145
9391842702
9987858204
7738261355
9654957754
9819305776
9833148048
7702340415
8886265252
9949110504
9811159178
9757212638
9560825770
9133396768
9967310367
9676144714
8459584587
9493918999
9030452772
9342527187
8130692720
9590040546
9916176272
9324917398
9819303392
9441164120
9844468584
9987977672
9962504685
9910784066
9811558208
9949825855
9999300312
9810363587
9980011426
9000655251
8010388889
9833444109
9903448518
7738919817
9848002529
9769779535
7506519853
9920783505
9902801192
9948292973
9945409160
9840626331
9394867059
9903252595
9886484118
9873269642
9029696006
9833714257
9212165030
9038268690
9650306130
8801933859
9663381146
9884140348
9176266786
9840383473
9643595414
9380580514
9110464851
9899826444
8291208601
8376908869
9836980212
9916502721
9891022565
9482546253
8892000350
9958954027
9686566181
9963925554
9619744860
9643405370
9620717711
9866044472
9015273997
9844260432
9880541891
9176059704
9223575896
9620065400
9560363725
8978026573
9717833232
9886742742
9323392371
8527000330
9869110594
9833050516
9874266002
9910467935
7506260090
8272088812
8689991144
9686565095
9966977499
9481085735
8971721560
9818558299
9611198610
9620212921
9962929093
9066589869
9594903989
9701533212
9833142115
9810029210
9966657827
9886267784
8951666517
9972822377
9986031071
9650441440
9535324080
9999873049
8100013084
9342235346
8961541531
9594039888
8050055505
9710457437
9036124908
9594194367
9599840016
9953446200
8447736583
9884104607
9036079990
9873115550
8750027676
9620210080
9951990183
9916583508
9176282930
9741405615
9987138077
9870320458
9958949955
7702304672
9108460501
8130677367
9700493853
7299936436
9845087888
7893453494
9686626685
9582199389
9948756160
9971999213
9989430262
9844374600
9321333296
9686712001
9701933797
9618447050
9891571561
9886268786
9704675728
9886443357
8130670635
9652010252
8879703985
9619331440
8527279077
9833163695
8939260461
9886818827
9836436436
9769820921
9599066433
9483210000
9833506665
9844747406
9908541114
9014020457
9886300871
9282109494
9972112930
9643635334
8374310327
9555262557
9901990124
9930020600
9962523247
9844675590
9830193160
9930232560
9158998768
8447867365
8800671212
9902079797
9848256891
9008230089
9980076767
9841812304
9901902532
9051148880
9920075548
8082791088
8692932141
9920249969
9886114653
9071062299
9920494948
9899724098
9820115265
8291432544
9705151595
9962292874
9831718491
9941592330
9167701552
9176222379
9013451555
9108525536
9902173727
9177016637
9810620051
9176051830
9836589990
8454005360
9094757278
9818785865
9873454919
9886914741
9901650326
8652105555
9742102808
9560903141
8274837955
9845975332
9535335472
9833012648
8897171733
9000990689
9343715493
9891641694
9818411820
9986577309
9908909507
9871001551
9840738195
9871518189
9916569395
9560033150
9886585152
7838475800
9480002499
9008814610
9945022011
9901588522
7207661083
9742822659
9945013201
9845755357
9611539485
9094046509
9920853641
8019159437
9313319139
9498455082
9642651597
9030881246
9632441928
9880490968
8697474283
9739074265
9972503131
8452843848
9844078607
9582094232
8073897219
9540220942
9224458036
9849476980
8450894210
9393113348
9920066881
9972076004
9704990490
9845739041
9874383492
9886649357
9663823919
9910346443
9769801503
9886399851
9731257333
9158320707
9811620920
8802080526
9650648042
9883376346
9674627115
9967700159
9540285156
9029617833
9910491799
7506995724
9582518888
9963834566
9029309491
9884452524
9819534514
9903111489
9868256289
9051211998
9000484973
9704797999
9820801802
9540869273
9972404446
8951175513
9742069171
9740710173
9739494062
9323239410
9022244450
9910197758
9701567772
9884010370
9999749573
9916260469
9448702278
9885695360
9008152152
9247990036
9650741218
9711453356
9819326524
9811275858
9029823241
9916103973
9874025599
9811542770
9480453878
9880707623
8588856692
9986620211
9444425552
8527099554
9962997917
9999809662
9323907010
9342830945
9160111357
9535410671
9990162569
9663369311
9892049546
9820730300
9818782153
9886793534
9886694451
9632566191
9916892333
9886640949
9007066540
9833126215
9686763051
7796179315
9833997765
9550342367
9920316156
8939127155
9619712746
9910934846
8447737618
9868933975
9871245533
9611402277
9948509366
9167968898
9949089133
9594998096
8767461370
9717530568
9940162504
8939727232
9643200809
9739007274
9284677615
9490229777
9901042358
9833382508
9654457019
8297161656
9980935394
9433101430
8285220960
9916679626
9899358011
9980724017
8588872090
9701809921
9999652915
9966875522
9820483428
9560193518
9986006189
9619400550
7299992323
9920637627
9821424011
9986365427
8074627107
8008840497
9810450255
9885432859
9167028395
9582700975
9833978520
9886057646
9819515414
9618973540
9867873714
9886533111
9674812302
9962367554
8459152889
8075126363
9830773663
9899991685
8179056189
9701792267
8105522232
9100159709
9883121263
8860353478
9819001821
9962268213
9666909357
9900017278
7506112103
9052189167
9903536207
9642340375
9962488867
9920336697
9885309138
9380333374
9880076572
9591509362
9701522721
9836663032
9819773359
9654663165
9886799723
8693824549
7738383618
8527190941
9966253924
9748320722
9618653936
7893928080
9902149636
9901827911
9990358807
9701356667
9920240405
9398675696
9088008929
9886180453
9971936647
9167091813
9831597144
9971196133
8297634695
8886189896
9686665826
9650577746
9324230579
9841898001
9833929942
9381313823
9833775758
9841334625
9841281010
9830376558
9632396634
9869737540
8143413127
8860525910
9820008469
9916452306
9642375817
9971999466
8287844868
9820961742
8108648710
9948863878
9502225544
9282430040
8106031226
9150009932
7498063724
9322269114
9884229487
9432670657
9948776646
9029492030
9941422135
9886888345
9920963097
9962086238
9886213960
9176040095
8885011033
9582325774
9284221285
9916848489
9962189222
9845262636
9560823399
9818345545
8010316832
9643912392